[[0, 0], [0, 0]]
[[0, 0], [0, 0]]
[[0, 0], [0, 0.000001]]
[[-0, -0.000002], [-0, -0.000002]]
[[-0, -0.000002], [-0, -0.000009]]
[[-0, -0.000001], [-0.000001, -0.000016]]
[[-0, -0.000001], [-0.000001, -0.00002]]
[[-0, -0.000001], [-0.000001, -0.000032]]
[[-0, -0.000001], [-0.000003, -0.000057]]
[[-0, -0.000001], [-0.000005, -0.000107]]
[[-0, -0.000001], [-0.000008, -0.000178]]
[[0, 0.000002], [-0.000009, -0.00019]]
[[0, 0.000002], [-0.000009, -0.000212]]
[[0, 0.000002], [-0.000011, -0.000262]]
[[0, 0.000003], [-0.000015, -0.00035]]
[[-0.008959, -0.175795], [-0.000023, -0.000512]]
[[-0.028517, -0.579722], [-0.000036, -0.000793]]
[[-0.045293, -0.95027], [-0.000047, -0.001053]]
[[-0.048408, -1.054728], [0.000041, 0.000682]]
[[-0.046896, -1.061915], [-0.000014, -0.000371]]
[[-0.042001, -0.998705], [-0.000038, -0.000878]]
[[-0.033833, -0.864658], [-0.000091, -0.001924]]
[[-0.022328, -0.656212], [-0.000183, -0.003895]]
[[-0.006721, -0.354907], [-0.0002, -0.004438]]
[[0.011884, 0.019465], [-0.000178, -0.004118]]
[[0.030275, 0.409363], [-0.000227, -0.005203]]
[[0.034987, 0.536328], [-0.00042, -0.009275]]
[[0.032706, 0.5184], [-0.00047, -0.010714]]
[[0.026887, 0.425721], [-0.000485, -0.011386]]
[[0.017482, 0.25521], [-0.0005, -0.012054]]
[[0.004421, 0.002743], [-0.000518, -0.012792]]
[[-0.005997, -0.211166], [-0.000464, -0.01222]]
[[-0.006925, -0.239881], [-0.000236, -0.007902]]
[[-0.003061, -0.168146], [0.000043, -0.002337]]
[[0.003744, -0.032663], [-0.000025, -0.003471]]
[[0.008635, 0.073646], [-0.000273, -0.008585]]
[[0.013247, 0.170778], [-0.000325, -0.009906]]
[[0.025866, 0.43613], [-0.000601, -0.015705]]
[[0.042332, 0.791487], [-0.000842, -0.021143]]
[[0.063027, 1.245146], [-0.001062, -0.02627]]
[[0.075874, 1.564192], [-0.00133, -0.032575]]
[[0.076898, 1.646589], [-0.001414, -0.035401]]
[[0.07446, 1.656177], [-0.001468, -0.037557]]
[[0.069291, 1.607503], [-0.001416, -0.037725]]
[[0.060952, 1.491436], [-0.001089, -0.032204]]
[[0.049967, 1.312951], [-0.000862, -0.028266]]
[[0.035573, 1.057346], [-0.000726, -0.026076]]
[[0.017702, 0.719758], [-0.000646, -0.024965]]
[[-0.003876, 0.292918], [-0.000604, -0.024566]]
[[-0.029818, -0.23972], [-0.000582, -0.02456]]
[[-0.050002, -0.682671], [-0.000576, -0.024853]]
[[-0.054736, -0.826274], [-0.00029, -0.019561]]
[[-0.051455, -0.802777], [-0.000136, -0.016622]]
[[-0.04411, -0.692862], [0.000184, -0.010163]]
[[-0.033667, -0.513799], [0.000288, -0.007773]]
[[-0.019193, -0.244189], [0.000379, -0.005726]]
[[-0.001688, 0.098039], [0.000442, -0.004135]]
[[0.012465, 0.391994], [0.000465, -0.003296]]
[[0.014519, 0.449508], [0.000396, -0.004311]]
[[0.01169, 0.404896], [-0.001337, -0.036479]]
[[0.003171, 0.242707], [-0.015718, -0.324136]]
[[-0.01164, -0.055162], [-0.038116, -0.792397]]
[[-0.02516, -0.344054], [-0.058952, -1.25186]]
[[-0.027624, -0.420364], [-0.065357, -1.436659]]
[[-0.023783, -0.365266], [-0.063687, -1.454391]]
[[-0.011866, -0.143191], [-0.055002, -1.33509]]
[[0.003558, 0.1577], [-0.041435, -1.114897]]
[[0.013806, 0.376361], [-0.024283, -0.795515]]
[[0.013853, 0.392867], [-0.002044, -0.360221]]
[[0.001677, 0.161008], [0.031564, 0.327657]]
[[-0.017238, -0.227257], [0.050933, 0.767378]]
[[-0.021377, -0.332752], [0.052827, 0.849856]]
[[-0.017525, -0.272805], [0.048586, 0.805609]]
[[-0.008549, -0.104996], [0.039198, 0.652617]]
[[0.004822, 0.161305], [0.024827, 0.390209]]
[[0.014743, 0.377415], [-0.000027, -0.096127]]
[[0.012146, 0.34047], [-0.014703, -0.400211]]
[[0.005163, 0.207887], [-0.018256, -0.491118]]
[[-0.005965, -0.01303], [-0.01352, -0.412436]]
[[-0.015348, -0.212861], [-0.003331, -0.216279]]
[[-0.016966, -0.263235], [0.009846, 0.051089]]
[[-0.011196, -0.161348], [0.018971, 0.248289]]
[[-0.003369, -0.009988], [0.018416, 0.257712]]
[[0.003839, 0.136052], [0.009186, 0.087478]]
[[0.005823, 0.184452], [0.001435, -0.068102]]
[[0.001427, 0.101557], [-0.00245, -0.148429]]
[[-0.006052, -0.050245], [-0.00394, -0.182957]]
[[-0.010693, -0.151361], [0.006113, 0.009881]]
[[-0.008867, -0.127099], [0.031805, 0.535115]]
[[-0.000558, 0.033781], [0.059446, 1.126269]]
[[0.006617, 0.182232], [0.075266, 1.504093]]
[[0.007106, 0.201547], [0.078063, 1.624449]]
[[0.002547, 0.116349], [0.074785, 1.618623]]
[[-0.005726, -0.050523], [0.067319, 1.523829]]
[[-0.012394, -0.192115], [0.054516, 1.316276]]
[[-0.012289, -0.204897], [0.040181, 1.063231]]
[[-0.004289, -0.054449], [0.022377, 0.73046]]
[[0.007999, 0.193853], [-0.000144, 0.28815]]
[[0.01266, 0.301169], [-0.024192, -0.204829]]
[[0.008723, 0.234541], [-0.041179, -0.577938]]
[[-0.000242, 0.059417], [-0.045117, -0.696626]]
[[-0.010513, -0.1523], [-0.040212, -0.633783]]
[[-0.014101, -0.238726], [-0.031045, -0.478339]]
[[-0.009739, -0.163763], [-0.018655, -0.249362]]
[[0.001647, 0.057506], [-0.000997, 0.094184]]
[[0.010994, 0.255274], [0.012995, 0.386425]]
[[0.011499, 0.278189], [0.015272, 0.449042]]
[[0.006574, 0.188968], [0.011348, 0.383147]]
[[-0.002808, 0.004091], [0.003017, 0.223346]]
[[-0.012851, -0.205493], [-0.010638, -0.053265]]
[[-0.014364, -0.251834], [-0.019177, -0.239361]]
[[-0.009823, -0.172116], [-0.018708, -0.249831]]
[[-0.000833, 0.001988], [-0.011525, -0.120183]]
[[0.006213, 0.148686], [-0.003171, 0.043881]]
[[0.006702, 0.166923], [0.002154, 0.153536]]
[[0.003134, 0.101567], [0.001559, 0.145988]]
[[-0.004178, -0.045171], [-0.002266, 0.068686]]
[[-0.007817, -0.125655], [-0.003452, 0.041128]]
[[-0.006703, -0.111266], [-0.002726, 0.052835]]
[[-0.002902, -0.038593], [-0.001986, 0.066004]]
[[-0.002675, -0.035091], [-0.000982, 0.08467]]
[[-0.002796, -0.040257], [0.000065, 0.105284]]
[[-0.002943, -0.046068], [0.001106, 0.126819]]
[[-0.003116, -0.052558], [0.00215, 0.149456]]
[[-0.001746, -0.030512], [0.001668, 0.143906]]
[[0.018296, 0.371931], [-0.003665, 0.035841]]
[[0.048924, 1.018307], [-0.007457, -0.046617]]
[[0.086503, 1.839553], [-0.010295, -0.112844]]
[[0.111899, 2.461457], [-0.0126, -0.171291]]
[[0.115447, 2.653901], [-0.008129, -0.095753]]
[[0.110947, 2.679217], [-0.003885, -0.014453]]
[[0.101682, 2.601037], [-0.001569, 0.029911]]
[[0.087682, 2.41646], [0.000424, 0.069578]]
[[0.068818, 2.117651], [0.001974, 0.102154]]
[[0.044321, 1.683982], [0.003278, 0.131112]]
[[0.013672, 1.098649], [0.004562, 0.160808]]
[[-0.023252, 0.35551], [-0.002379, 0.027461]]
[[-0.064347, -0.515783], [-0.009838, -0.130262]]
[[-0.090005, -1.122556], [-0.012725, -0.204443]]
[[-0.091671, -1.255878], [-0.00474, -0.054204]]
[[-0.08261, -1.163543], [-0.00178, 0.00454]]
[[-0.067833, -0.943998], [-0.000753, 0.024277]]
[[-0.048571, -0.616345], [-0.000172, 0.035855]]
[[-0.023082, -0.1424], [-0.000258, 0.033945]]
[[0.00202, 0.355175], [-0.000803, 0.022841]]
[[0.008724, 0.505162], [-0.000779, 0.022001]]
[[0.005299, 0.446363], [-0.000425, 0.028483]]
[[-0.004416, 0.253719], [0.000041, 0.03743]]
[[-0.020262, -0.072424], [0.001497, 0.067203]]
[[-0.028716, -0.277277], [0.002401, 0.087832]]
[[-0.024465, -0.221299], [0.002675, 0.095985]]
[[-0.013952, -0.032013], [0.002974, 0.104795]]
[[-0.008342, 0.075175], [0.002996, 0.108277]]
[[-0.006986, 0.094858], [0.003363, 0.118771]]
[[-0.006227, 0.104662], [0.003724, 0.129631]]
[[-0.008907, 0.04242], [0.003885, 0.1366]]
[[-0.007745, 0.057016], [0.004352, 0.15007]]
[[-0.015424, -0.100435], [0.001436, 0.096729]]
[[-0.03857, -0.592372], [-0.001804, 0.03046]]
[[-0.043645, -0.744429], [-0.002859, 0.005769]]
[[-0.039545, -0.706612], [-0.002419, 0.011771]]
[[-0.029267, -0.53709], [-0.001976, 0.018517]]
[[-0.013597, -0.245231], [-0.001814, 0.02016]]
[[0.007971, 0.18497], [-0.002128, 0.011879]]
[[0.015585, 0.359536], [-0.002142, 0.009307]]
[[0.011042, 0.284667], [-0.001906, 0.011972]]
[[0.000153, 0.073933], [-0.00151, 0.018089]]
[[-0.011496, -0.169124], [-0.001024, 0.026738]]
[[-0.015122, -0.255454], [-0.000676, 0.032853]]
[[-0.024872, -0.469306], [-0.000034, 0.045048]]
[[-0.041311, -0.827955], [0.001496, 0.076354]]
[[-0.045133, -0.957887], [0.002374, 0.096602]]
[[-0.041787, -0.936602], [0.002512, 0.101905]]
[[-0.033736, -0.814413], [0.002229, 0.09887]]
[[-0.019084, -0.54898], [0.00197, 0.095558]]
[[0.000987, -0.157646], [0.00175, 0.093116]]
[[0.023924, 0.318075], [0.001253, 0.084642]]
[[0.028878, 0.454797], [0.001269, 0.085872]]
[[0.022885, 0.363136], [0.001637, 0.094695]]
[[0.010657, 0.136819], [0.002139, 0.106633]]
[[-0.005008, -0.176686], [0.002639, 0.119092]]
[[-0.006942, -0.228727], [0.00327, 0.134687]]
[[-0.000906, -0.114086], [0.003679, 0.146561]]
[[0.009842, 0.10623], [-0.006663, -0.053191]]
[[0.012102, 0.169364], [-0.03781, -0.695042]]
[[0.000909, -0.045411], [-0.065297, -1.308316]]
[[-0.004737, -0.167039], [-0.070545, -1.490653]]
[[0.000271, -0.072388], [-0.065677, -1.464205]]
[[0.009258, 0.11445], [-0.052423, -1.259108]]
[[0.008426, 0.112723], [-0.035222, -0.959993]]
[[-0.003043, -0.113332], [-0.011358, -0.506409]]
[[-0.007704, -0.21899], [0.0198, 0.122133]]
[[0.001976, -0.032742], [0.044293, 0.655477]]
[[0.013414, 0.210234], [0.048447, 0.794302]]
[[0.009239, 0.143146], [0.041828, 0.709503]]
[[-0.001942, -0.077258], [0.027095, 0.451367]]
[[-0.006687, -0.182567], [0.005859, 0.044386]]
[[0.002296, -0.009445], [-0.015355, -0.392305]]
[[0.009372, 0.142886], [-0.018649, -0.483581]]
[[0.004503, 0.057942], [-0.012416, -0.377181]]
[[-0.005513, -0.144685], [0.00168, -0.102355]]
[[-0.004546, -0.137115], [0.017076, 0.219794]]
[[0.002607, 0.006654], [0.016955, 0.242215]]
[[0.005241, 0.064743], [0.006842, 0.05305]]
[[0.005858, 0.08414], [0.001898, -0.046164]]
[[0.005013, 0.072616], [0.00108, -0.061516]]
[[0.004233, 0.061508], [0.014874, 0.212902]]
[[0.003005, 0.040696], [0.045159, 0.848358]]
[[0.001309, 0.009001], [0.074757, 1.508793]]
[[0.000163, -0.013891], [0.082925, 1.762849]]
[[-0.00059, -0.029268], [0.080251, 1.793254]]
[[-0.001016, -0.038996], [0.072976, 1.725137]]
[[-0.000745, -0.034585], [0.060015, 1.535761]]
[[-0.000433, -0.028898], [0.044509, 1.275596]]
[[-0.000004, -0.020424], [0.022741, 0.874182]]
[[0.000262, -0.014992], [-0.003669, 0.354859]]
[[0.000697, -0.005709], [-0.036949, -0.333592]]
[[0.00091, -0.000493], [-0.05197, -0.692824]]
[[0.000319, -0.011436], [-0.048509, -0.678293]]
[[-0.000378, -0.025518], [-0.039055, -0.534726]]
[[-0.001068, -0.040124], [-0.023507, -0.256084]]
[[-0.001802, -0.05626], [-0.002262, 0.157789]]
[[-0.002552, -0.073636], [0.006201, 0.338813]]
[[-0.003199, -0.089523], [0.003928, 0.301235]]
[[-0.003558, -0.100321], [-0.004133, 0.14158]]
[[-0.000486, -0.042835], [-0.013354, -0.055475]]
[[0.000551, -0.019541], [-0.014175, -0.0892]]
[[-0.000176, -0.033976], [-0.012676, -0.072389]]
[[-0.000903, -0.049146], [-0.0113, -0.056615]]
[[-0.001633, -0.065111], [-0.010041, -0.04189]]
[[-0.002374, -0.082015], [-0.008879, -0.027924]]
[[-0.003132, -0.100007], [-0.007807, -0.01465]]
[[0.000275, -0.036269], [-0.022311, -0.308994]]
[[0.004579, 0.053636], [-0.049297, -0.885405]]
[[0.007859, 0.126365], [-0.082296, -1.615587]]
[[0.002506, 0.02919], [-0.096783, -2.007936]]
[[-0.000988, -0.043457], [-0.09576, -2.088094]]
[[-0.002186, -0.069533], [-0.088738, -2.041484]]
[[-0.003103, -0.090702], [-0.076745, -1.885305]]
[[-0.00303, -0.094143], [-0.059412, -1.60715]]
[[0.002621, 0.018764], [-0.035727, -1.180799]]
[[0.006626, 0.104555], [-0.006227, -0.611343]]
[[0.004042, 0.063883], [0.029642, 0.119641]]
[[-0.007359, -0.166757], [0.059496, 0.773379]]
[[-0.007781, -0.18901], [0.064985, 0.957101]]
[[0.000339, -0.033245], [0.056074, 0.843092]]
[[0.008325, 0.134108], [0.038934, 0.549089]]
[[0.008131, 0.144837], [0.015513, 0.109492]]
[[-0.0034, -0.081804], [-0.007291, -0.349466]]
[[-0.009208, -0.211257], [-0.014097, -0.505915]]
[[-0.003907, -0.114973], [-0.010209, -0.443513]]
[[0.008229, 0.130405], [0.002954, -0.186358]]
[[0.010214, 0.187098], [0.018502, 0.137884]]
[[0.000182, -0.006173], [0.02575, 0.312964]]
[[-0.007171, -0.16096], [0.018806, 0.200345]]
[[-0.003599, -0.100502], [0.007284, -0.018942]]
[[0.00582, 0.090676], [0.000535, -0.15292]]
[[0.006643, 0.118684], [0.000266, -0.161936]]
[[-0.000106, -0.013317], [0.005929, -0.045126]]
[[-0.003309, -0.080489], [0.016174, 0.164809]]
[[-0.005153, -0.123794], [0.043425, 0.738631]]
[[0.002391, 0.023934], [0.065853, 1.253831]]
[[0.004954, 0.082434], [0.066809, 1.345771]]
[[0.005011, 0.088798], [0.060965, 1.294663]]
[[0.005108, 0.095698], [0.050091, 1.133625]]
[[0.004668, 0.093184], [0.033723, 0.847845]]
[[-0.000604, -0.010507], [0.011705, 0.430269]]
[[-0.003835, -0.078472], [-0.015116, -0.108421]]
[[-0.005227, -0.113131], [-0.036725, -0.578063]]
[[-0.000798, -0.027139], [-0.036678, -0.621034]]
[[0.000262, -0.005166], [-0.028365, -0.48936]]
[[0.000488, 0.000033], [-0.013845, -0.221105]]
[[0.000422, -0.000811], [0.004444, 0.14343]]
[[0.000174, -0.005375], [0.011158, 0.293398]]
[[-0.000007, -0.008952], [0.008086, 0.244163]]
[[0.000373, -0.001555], [0.00008, 0.089178]]
[[0.000607, 0.004054], [-0.004505, -0.010002]]
[[0.000265, -0.002311], [-0.003783, -0.000067]]
[[-0.000066, -0.008904], [-0.001611, 0.038022]]
[[-0.000361, -0.015036], [0.018658, 0.445255]]
[[-0.000698, -0.022325], [0.04949, 1.096701]]
[[-0.00105, -0.030278], [0.081243, 1.805788]]
[[-0.001618, -0.042946], [0.090157, 2.081269]]
[[-0.002321, -0.059042], [0.088739, 2.144934]]
[[-0.002884, -0.073018], [0.082149, 2.100204]]
[[-0.003407, -0.086695], [0.070327, 1.941067]]
[[-0.003707, -0.096424], [0.053035, 1.658291]]
[[-0.00366, -0.099269], [0.031289, 1.264488]]
[[-0.000893, -0.049588], [0.002554, 0.705971]]
[[0.00565, 0.085109], [-0.032025, -0.001257]]
[[0.008065, 0.144947], [-0.064884, -0.717869]]
[[-0.000738, -0.025693], [-0.074186, -0.9856]]
[[-0.004654, -0.110345], [-0.067987, -0.936516]]
[[-0.00163, -0.057445], [-0.055321, -0.746362]]
[[0.002938, 0.036786], [-0.038882, -0.462133]]
[[0.003555, 0.054557], [-0.03582, -0.430505]]
[[0.003191, 0.050579], [-0.033799, -0.428159]]
[[0.002871, 0.047154], [-0.024464, -0.272443]]
[[0.00243, 0.041112], [-0.010192, -0.003108]]
[[0.001824, 0.030873], [-0.002721, 0.145544]]
[[0.00156, 0.027204], [-0.002579, 0.148245]]
[[0.001314, 0.023686], [-0.003235, 0.130203]]
[[0.001078, 0.020131], [-0.001872, 0.15512]]
[[0.00091, 0.017624], [-0.002669, 0.139721]]
[[0.000749, 0.015], [-0.005261, 0.083023]]
[[0.00059, 0.012308], [-0.004306, 0.097754]]
[[0.000435, 0.009568], [-0.003379, 0.113547]]
[[0.000287, 0.006847], [-0.003916, 0.102686]]
[[0.000257, 0.006346], [-0.015819, -0.136782]]
[[0.000273, 0.006884], [-0.040588, -0.650421]]
[[0.000263, 0.006896], [-0.070289, -1.287071]]
[[0.000242, 0.00665], [-0.091911, -1.791602]]
[[0.000229, 0.006625], [-0.099568, -2.025962]]
[[0.000095, 0.004085], [-0.09932, -2.09759]]
[[-0.000043, 0.001328], [-0.0962, -2.109803]]
[[-0.000217, -0.002239], [-0.090353, -2.063666]]
[[-0.000516, -0.008471], [-0.081216, -1.946988]]
[[-0.001037, -0.019344], [-0.070838, -1.794829]]
[[-0.001814, -0.036011], [-0.057381, -1.574298]]
[[-0.002634, -0.054117], [-0.041055, -1.285283]]
[[-0.003525, -0.074148], [-0.022257, -0.930623]]
[[-0.004934, -0.105547], [0.000094, -0.493329]]
[[-0.003603, -0.085371], [0.027123, 0.06009]]
[[0.002254, 0.031665], [0.048885, 0.532416]]
[[0.006523, 0.121246], [0.058176, 0.765938]]
[[0.006316, 0.125566], [0.055802, 0.76691]]
[[0.000962, 0.023306], [0.048292, 0.65737]]
[[-0.003897, -0.076843], [0.036565, 0.456393]]
[[-0.00623, -0.130295], [0.021677, 0.179397]]
[[-0.000852, -0.029079], [0.004102, -0.163972]]
[[0.004588, 0.083737], [-0.006415, -0.382835]]
[[0.005371, 0.10635], [-0.007504, -0.413749]]
[[0.001244, 0.027483], [-0.003803, -0.346325]]
[[-0.001824, -0.035378], [0.004169, -0.188136]]
[[-0.00392, -0.080176], [0.014995, 0.036642]]
[[-0.005406, -0.113824], [0.021877, 0.191084]]
[[-0.003106, -0.074412], [0.015424, 0.087361]]
[[0.003621, 0.06038], [-0.010769, -0.428435]]
[[0.008327, 0.161914], [-0.044221, -1.119931]]
[[0.0049, 0.103014], [-0.082586, -1.936885]]
[[-0.005647, -0.106757], [-0.123389, -2.836097]]
[[-0.01267, -0.259525], [-0.152691, -3.537369]]
[[-0.010874, -0.236593], [-0.168511, -3.983945]]
[[-0.004566, -0.117516], [-0.174347, -4.234538]]
[[0.004492, 0.064271], [-0.174999, -4.381159]]
[[0.010155, 0.187125], [-0.172221, -4.456302]]
[[0.006973, 0.13451], [-0.168876, -4.518043]]
[[-0.002376, -0.050122], [-0.162076, -4.506971]]
[[-0.0092, -0.194663], [-0.153662, -4.456991]]
[[-0.007776, -0.177354], [-0.142271, -4.34017]]
[[0.00126, -0.002215], [-0.128858, -4.173578]]
[[0.010669, 0.193171], [-0.113849, -3.963662]]
[[0.013003, 0.254884], [-0.094759, -3.656845]]
[[0.005983, 0.12579], [-0.07556, -3.337302]]
[[-0.007703, -0.147851], [-0.052592, -2.92525]]
[[-0.017761, -0.36435], [-0.02608, -2.423078]]
[[-0.018417, -0.396298], [0.004012, -1.827299]]
[[-0.01053, -0.253318], [0.038154, -1.127162]]
[[0.005188, 0.056451], [0.076597, -0.313325]]
[[0.021455, 0.396545], [0.119048, 0.61329]]
[[0.028512, 0.563146], [0.151928, 1.384748]]
[[0.026568, 0.549629], [0.171123, 1.900186]]
[[0.017941, 0.396008], [0.177399, 2.164442]]
[[0.00531, 0.152544], [0.1735, 2.222768]]
[[-0.009784, -0.152604], [0.16274, 2.135867]]
[[-0.018443, -0.343262], [0.147517, 1.947919]]
[[-0.01721, -0.336826], [0.129748, 1.695723]]
[[-0.008887, -0.182996], [0.109054, 1.370694]]
[[0.005647, 0.104698], [0.08465, 0.954529]]
[[0.017853, 0.364273], [0.055977, 0.432101]]
[[0.019675, 0.420559], [0.024305, -0.173007]]
[[0.013231, 0.30767], [-0.002056, -0.702002]]
[[0.000981, 0.069343], [-0.015161, -0.979464]]
[[-0.012225, -0.202163], [-0.018245, -1.05922]]
[[-0.015569, -0.286522], [-0.015445, -1.018089]]
[[-0.010858, -0.205702], [-0.008684, -0.893539]]
[[0.000067, 0.006586], [0.002715, -0.669212]]
[[0.011161, 0.235597], [0.018895, -0.338237]]
[[0.014655, 0.321439], [0.039969, 0.104446]]
[[0.009895, 0.239253], [0.057246, 0.494408]]
[[-0.000651, 0.033263], [0.062704, 0.656189]]
[[-0.012039, -0.202199], [0.058975, 0.63136]]
[[-0.014096, -0.25958], [0.050266, 0.49924]]
[[-0.008578, -0.160925], [0.037875, 0.285283]]
[[0.002057, 0.048952], [0.02107, -0.028155]]
[[0.008823, 0.19362], [0.016359, -0.120113]]
[[0.006458, 0.156581], [0.026188, 0.085672]]
[[-0.003365, -0.035668], [0.048848, 0.563505]]
[[-0.013318, -0.24516], [0.075264, 1.142708]]
[[-0.014297, -0.280577], [0.08953, 1.500032]]
[[-0.008984, -0.184565], [0.091964, 1.622558]]
[[-0.000549, -0.020985], [0.087956, 1.612835]]
[[0.007052, 0.136388], [0.079213, 1.502008]]
[[0.009662, 0.199513], [0.066938, 1.311695]]
[[0.004022, 0.095549], [0.05134, 1.044226]]
[[-0.005556, -0.09744], [0.031884, 0.686202]]
[[-0.012427, -0.24515], [0.008534, 0.233709]]
[[-0.010856, -0.227469], [-0.017656, -0.296384]]
[[-0.001561, -0.048798], [-0.037254, -0.718028]]
[[-0.000465, -0.018689], [-0.042638, -0.864117]]
[[-0.013345, -0.275225], [-0.038471, -0.815274]]
[[-0.033754, -0.700869], [-0.027364, -0.620335]]
[[-0.047288, -1.010917], [-0.010747, -0.303029]]
[[-0.050364, -1.114991], [0.009852, 0.108971]]
[[-0.045669, -1.060543], [0.027233, 0.477527]]
[[-0.036233, -0.903584], [0.033226, 0.6273]]
[[-0.022703, -0.656633], [0.03043, 0.599805]]
[[-0.005834, -0.329398], [0.02155, 0.44376]]
[[0.015909, 0.108988], [0.006505, 0.155087]]
[[0.033921, 0.495955], [-0.013152, -0.241806]]
[[0.040214, 0.656977], [-0.025756, -0.517119]]
[[0.038208, 0.648894], [-0.02569, -0.540655]]
[[0.03288, 0.570983], [-0.019637, -0.439278]]
[[0.022434, 0.384659], [-0.008323, -0.225031]]
[[0.006568, 0.079362], [0.007192, 0.085478]]
[[-0.0111, -0.278956], [0.019581, 0.348399]]
[[-0.017634, -0.429549], [0.022507, 0.428186]]
[[-0.015456, -0.401634], [0.020187, 0.40022]]
[[-0.00781, -0.25966], [0.012846, 0.267899]]
[[-0.000412, -0.110158], [0.000619, 0.029522]]
[[-0.002575, -0.150165], [-0.009911, -0.189111]]
[[-0.010399, -0.309598], [-0.012941, -0.263799]]
[[-0.022499, -0.562848], [-0.007447, -0.165204]]
[[-0.028201, -0.703276], [0.002444, 0.031295]]
[[-0.026166, -0.686162], [0.008482, 0.159391]]
[[-0.019937, -0.580325], [0.009841, 0.197353]]
[[-0.00954, -0.384761], [0.004218, 0.093212]]
[[0.005288, -0.090482], [-0.001852, -0.029403]]
[[0.0201, 0.218459], [-0.006493, -0.126423]]
[[0.024863, 0.340012], [-0.008111, -0.16784]]
[[0.020658, 0.275578], [-0.003417, -0.080978]]
[[0.011832, 0.112638], [0.001512, 0.018806]]
[[0.000201, -0.116729], [0.005133, 0.094756]]
[[-0.009911, -0.32335], [0.007996, 0.157642]]
[[-0.024473, -0.627056], [0.00809, 0.168788]]
[[-0.042965, -1.021739], [0.001855, 0.049311]]
[[-0.066177, -1.527027], [-0.003608, -0.062193]]
[[-0.092026, -2.107635], [-0.007835, -0.152237]]
[[-0.105911, -2.469584], [-0.00813, -0.168027]]
[[-0.108976, -2.61645], [-0.003811, -0.086218]]
[[-0.108147, -2.682911], [-0.001333, -0.037337]]
[[-0.104589, -2.692676], [0.000461, -0.001321]]
[[-0.098316, -2.644132], [0.002015, 0.03099]]
[[-0.088554, -2.520709], [0.003475, 0.062458]]
[[-0.076944, -2.34958], [0.004891, 0.094115]]
[[-0.062112, -2.105156], [0.006303, 0.126727]]
[[-0.044568, -1.792957], [0.007649, 0.159212]]
[[-0.023172, -1.392006], [0.005534, 0.125507]]
[[0.001238, -0.909672], [-0.001018, -0.004244]]
[[0.029723, -0.327433], [-0.006503, -0.118013]]
[[0.062148, 0.357224], [-0.010289, -0.202677]]
[[0.085479, 0.889884], [-0.006304, -0.133862]]
[[0.095424, 1.167377], [0.001444, 0.021069]]
[[0.092534, 1.185241], [0.004545, 0.088379]]
[[0.085537, 1.112767], [0.006033, 0.122425]]
[[0.076334, 0.989474], [0.007733, 0.161604]]
[[0.064233, 0.801342], [0.007016, 0.156038]]
[[0.048287, 0.52277], [0.000841, 0.035345]]
[[0.030733, 0.202064], [-0.00265, -0.036632]]
[[0.009903, -0.202843], [-0.004916, -0.086071]]
[[-0.0031, -0.468828], [-0.005892, -0.110496]]
[[-0.004983, -0.513739], [-0.004903, -0.095487]]
[[-0.003181, -0.482563], [-0.003811, -0.076713]]
[[0.001855, -0.383645], [-0.002938, -0.061542]]
[[0.011065, -0.19527], [-0.002092, -0.046393]]
[[0.023686, 0.069164], [-0.00126, -0.030951]]
[[0.031839, 0.259826], [-0.000721, -0.020632]]
[[0.030921, 0.268712], [0.000126, -0.004223]]
[[0.024318, 0.162096], [0.001319, 0.020234]]
[[-0.001461, -0.336854], [0.002698, 0.049488]]
[[-0.034657, -1.016591], [0.004052, 0.079206]]
[[-0.072491, -1.814926], [0.005543, 0.112748]]
[[-0.11402, -2.719166], [0.007286, 0.152401]]
[[-0.148299, -3.515667], [0.006567, 0.1461]]
[[-0.167785, -4.033571], [0.00204, 0.05886]]
[[-0.175808, -4.330412], [0.001253, 0.040973]]
[[-0.179079, -4.530714], [0.002511, 0.067626]]
[[-0.180368, -4.692566], [0.003698, 0.093886]]
[[-0.180504, -4.831172], [0.004576, 0.114898]]
[[-0.178762, -4.931169], [0.005128, 0.129911]]
[[-0.176437, -5.019763], [0.005219, 0.135772]]
[[-0.171237, -5.045175], [0.005664, 0.148425]]
[[-0.165834, -5.06404], [0.00538, 0.148616]]
[[-0.157899, -5.028074], [0.000999, 0.06389]]
[[-0.149941, -4.983607], [-0.002887, -0.015233]]
[[-0.138756, -4.866328], [-0.006155, -0.084983]]
[[-0.125673, -4.70596], [-0.008939, -0.146729]]
[[-0.111095, -4.501272], [-0.010117, -0.179822]]
[[-0.093669, -4.229082], [-0.003577, -0.058225]]
[[-0.073731, -3.892009], [0.004625, 0.108046]]
[[-0.049925, -3.461348], [0.011026, 0.245009]]
[[-0.023117, -2.951352], [0.009162, 0.220267]]
[[0.007247, -2.348836], [-0.001049, 0.022757]]
[[0.040295, -1.666231], [-0.013563, -0.235123]]
[[0.078499, -0.855944], [-0.019451, -0.371621]]
[[0.120574, 0.062536], [-0.016078, -0.322344]]
[[0.162819, 1.021269], [-0.004416, -0.100344]]
[[0.193675, 1.784483], [0.011872, 0.23022]]
[[0.210988, 2.292112], [0.022785, 0.46761]]
[[0.215569, 2.551743], [0.02415, 0.517688]]
[[0.209499, 2.594138], [0.02024, 0.457836]]
[[0.197802, 2.514192], [0.012776, 0.322285]]
[[0.181942, 2.339808], [0.000956, 0.092245]]
[[0.162159, 2.072933], [-0.012753, -0.188757]]
[[0.139164, 1.724845], [-0.020449, -0.361191]]
[[0.11576, 1.346987], [-0.019357, -0.357648]]
[[0.096891, 1.048522], [-0.014291, -0.272094]]
[[0.06881, 0.550971], [0.000061, 0.005944]]
[[0.041209, 0.035883], [0.013105, 0.276179]]
[[0.014927, -0.47666], [0.018953, 0.411489]]
[[0.000601, -0.766686], [0.016554, 0.380231]]
[[-0.001632, -0.817639], [0.010825, 0.277288]]
[[0.00326, -0.7223], [0.000697, 0.080461]]
[[0.013999, -0.50295], [-0.011423, -0.168079]]
[[0.029947, -0.169048], [-0.017867, -0.31347]]
[[0.048109, 0.226137], [-0.015111, -0.27544]]
[[0.059737, 0.506774], [-0.005357, -0.090349]]
[[0.059453, 0.551914], [0.003843, 0.096785]]
[[0.05103, 0.428778], [0.009706, 0.220657]]
[[0.041781, 0.277182], [0.009438, 0.227458]]
[[0.028263, 0.034078], [0.002427, 0.094556]]
[[0.01301, -0.258361], [-0.007592, -0.109299]]
[[0.007657, -0.365592], [-0.012507, -0.220516]]
[[0.009554, -0.323897], [-0.009315, -0.167904]]
[[0.016247, -0.182284], [-0.00214, -0.028947]]
[[0.028075, 0.069861], [0.003832, 0.09296]]
[[0.036233, 0.263121], [0.00775, 0.177362]]
[[0.036032, 0.289803], [0.00756, 0.181695]]
[[0.031027, 0.216741], [0.003269, 0.101933]]
[[0.021894, 0.056014], [-0.000176, 0.032392]]
[[0.011206, -0.149229], [-0.002147, -0.009322]]
[[0.00883, -0.194474], [-0.001919, -0.00763]]
[[0.011929, -0.126684], [-0.000746, 0.014931]]
[[0.017982, 0.005906], [0.000446, 0.038807]]
[[0.019956, 0.062574], [0.001646, 0.063741]]
[[0.020725, 0.093247], [0.002858, 0.089808]]
[[0.021177, 0.118758], [0.004081, 0.117012]]
[[0.018479, 0.081343], [0.005345, 0.145939]]
[[0.015661, 0.035699], [0.006256, 0.16957]]
[[0.016011, 0.053547], [0.003765, 0.125146]]
[[0.017239, 0.090422], [0.003777, 0.125383]]
[[0.018205, 0.123768], [0.005122, 0.155717]]
[[0.015779, 0.08951], [0.004552, 0.149743]]
[[0.01363, 0.055814], [0.002968, 0.119747]]
[[0.015046, 0.093903], [0.004249, 0.147371]]
[[0.016251, 0.130606], [0.005212, 0.171043]]
[[0.013668, 0.093127], [0.002302, 0.118602]]
[[0.008923, 0.004332], [-0.002854, 0.012949]]
[[0.00885, 0.00726], [-0.003386, -0.002377]]
[[0.010656, 0.050608], [-0.002051, 0.022164]]
[[0.01251, 0.096578], [-0.000726, 0.04778]]
[[0.014002, 0.13728], [0.000588, 0.074192]]
[[0.012201, 0.113052], [0.001903, 0.101572]]
[[0.007721, 0.030646], [0.003224, 0.130089]]
[[0.007776, 0.034277], [0.004558, 0.159833]]
[[0.009871, 0.082937], [0.004653, 0.166735]]
[[0.012087, 0.135685], [0.001118, 0.099845]]
[[0.010159, 0.109231], [-0.001056, 0.054445]]
[[0.005974, 0.030437], [-0.001332, 0.046947]]
[[0.006099, 0.034328], [-0.000465, 0.063042]]
[[0.008357, 0.085009], [0.000857, 0.089754]]
[[0.010228, 0.130388], [0.002181, 0.117534]]
[[0.009204, 0.118616], [0.003677, 0.149589]]
[[0.006105, 0.063218], [0.005043, 0.181416]]
[[0.004278, 0.02933], [0.000415, 0.094994]]
[[0.005497, 0.055367], [-0.000836, 0.065074]]
[[0.007914, 0.108791], [0.000501, 0.091328]]
[[0.009071, 0.140008], [0.001836, 0.119077]]
[[0.006431, 0.094927], [0.003178, 0.147952]]
[[0.003831, 0.044416], [0.004175, 0.171755]]
[[0.005077, 0.071369], [0.001681, 0.125669]]
[[0.007568, 0.125801], [0.001782, 0.126167]]
[[0.00761, 0.135332], [0.003367, 0.159853]]
[[0.003874, 0.064754], [0.003499, 0.16697]]
[[0.002516, 0.038218], [-0.000636, 0.08611]]
